0.000000000000000000e+00 1.045061110182078482e+04
1.000000000000000000e+00 1.016017701860182387e+04
2.000000000000000000e+00 1.021046383972464537e+04
3.000000000000000000e+00 9.720022517215233165e+03
4.000000000000000000e+00 9.845544293853257841e+03
5.000000000000000000e+00 9.645029917563972049e+03
6.000000000000000000e+00 9.287855677581455893e+03
7.000000000000000000e+00 9.144331427664001239e+03
8.000000000000000000e+00 9.103767030735723893e+03
9.000000000000000000e+00 8.768075251746553477e+03
1.000000000000000000e+01 8.557560626587021034e+03
1.100000000000000000e+01 8.461980985368823895e+03
1.200000000000000000e+01 8.412894981637880846e+03
1.300000000000000000e+01 8.208539602138969713e+03
1.400000000000000000e+01 7.995225933198657003e+03
1.500000000000000000e+01 7.855686476754864088e+03
1.600000000000000000e+01 7.778349042572992403e+03
1.700000000000000000e+01 7.517476904871510669e+03
1.800000000000000000e+01 7.674547699307608127e+03
1.900000000000000000e+01 7.421383289289482491e+03
2.000000000000000000e+01 7.114856970709689449e+03
2.100000000000000000e+01 6.933900418759932109e+03
2.200000000000000000e+01 7.169340398518350412e+03
2.300000000000000000e+01 7.086256792192965804e+03
2.400000000000000000e+01 6.590351530853477925e+03
2.500000000000000000e+01 6.696266363922413802e+03
2.600000000000000000e+01 6.600820175680928514e+03
2.700000000000000000e+01 6.475305237312135432e+03
2.800000000000000000e+01 6.332165549969976382e+03
2.900000000000000000e+01 6.140579495396917991e+03
3.000000000000000000e+01 5.922792011021687358e+03
3.100000000000000000e+01 6.108948729867184738e+03
3.200000000000000000e+01 5.786586497188135581e+03
3.300000000000000000e+01 5.760856538736433322e+03
3.400000000000000000e+01 5.522854646340848376e+03
3.500000000000000000e+01 5.576577753408442732e+03
3.600000000000000000e+01 5.267409110691472051e+03
3.700000000000000000e+01 5.348281968565195712e+03
3.800000000000000000e+01 5.155711142175347959e+03
3.900000000000000000e+01 5.031893615877413140e+03
4.000000000000000000e+01 4.977656670822485466e+03
4.100000000000000000e+01 5.005712275820969808e+03
4.200000000000000000e+01 4.739103194262685975e+03
4.300000000000000000e+01 4.732871892976746494e+03
4.400000000000000000e+01 4.725381282028266469e+03
4.500000000000000000e+01 4.531937702285675186e+03
4.600000000000000000e+01 4.533286363445787174e+03
4.700000000000000000e+01 4.363341416196650243e+03
4.800000000000000000e+01 4.263633937982658608e+03
4.900000000000000000e+01 4.219989439797521300e+03
5.000000000000000000e+01 4.176526994352188922e+03
5.100000000000000000e+01 4.276205411980456120e+03
5.200000000000000000e+01 4.315397970465020990e+03
5.300000000000000000e+01 4.031856964785954915e+03
5.400000000000000000e+01 3.812159083115740486e+03
5.500000000000000000e+01 3.821433598332194833e+03
5.600000000000000000e+01 3.637010612161449899e+03
5.700000000000000000e+01 3.791724310041068293e+03
5.800000000000000000e+01 3.628263553801012222e+03
5.900000000000000000e+01 3.516389873630140301e+03
6.000000000000000000e+01 3.397466539030789136e+03
6.100000000000000000e+01 3.371907891735034354e+03
6.200000000000000000e+01 3.145122031840713589e+03
6.300000000000000000e+01 3.299401545643530426e+03
6.400000000000000000e+01 3.368414310136799031e+03
6.500000000000000000e+01 3.325236935310287663e+03
6.600000000000000000e+01 3.061407295482888458e+03
6.700000000000000000e+01 2.963880493973722878e+03
6.800000000000000000e+01 3.024795647423207356e+03
6.900000000000000000e+01 2.910336674596689136e+03
7.000000000000000000e+01 2.806230133037152882e+03
7.100000000000000000e+01 2.925284069958097461e+03
7.200000000000000000e+01 2.907740687481914392e+03
7.300000000000000000e+01 2.726200210058094399e+03
7.400000000000000000e+01 2.710420358359642250e+03
7.500000000000000000e+01 2.602719795129849444e+03
7.600000000000000000e+01 2.419089201455849889e+03
7.700000000000000000e+01 2.575333167870825037e+03
7.800000000000000000e+01 2.429372075870767731e+03
7.900000000000000000e+01 2.481415466217722951e+03
8.000000000000000000e+01 2.272403331948317827e+03
8.100000000000000000e+01 2.434091520423760358e+03
8.200000000000000000e+01 2.125121661129826862e+03
8.300000000000000000e+01 2.414886646381045011e+03
8.400000000000000000e+01 2.222929171122887510e+03
8.500000000000000000e+01 2.102172863982949821e+03
8.600000000000000000e+01 2.068353912896196562e+03
8.700000000000000000e+01 2.191210710166616082e+03
8.800000000000000000e+01 1.976379001474032975e+03
8.900000000000000000e+01 2.032407174149711182e+03
9.000000000000000000e+01 1.911302430897997510e+03
9.100000000000000000e+01 1.951040838372719691e+03
9.200000000000000000e+01 1.902755177073455570e+03
9.300000000000000000e+01 2.057903324073555723e+03
9.400000000000000000e+01 1.894800006227311997e+03
9.500000000000000000e+01 1.827324929779946387e+03
9.600000000000000000e+01 1.611321596623655068e+03
9.700000000000000000e+01 1.716961624797600734e+03
9.800000000000000000e+01 1.756823399900815730e+03
9.900000000000000000e+01 1.633776133216548487e+03
1.000000000000000000e+02 1.726190369795495599e+03
1.010000000000000000e+02 1.558413319786438251e+03
1.020000000000000000e+02 1.547972835084617600e+03
1.030000000000000000e+02 1.660099161450152906e+03
1.040000000000000000e+02 1.698547315160305970e+03
1.050000000000000000e+02 1.547879592029948299e+03
1.060000000000000000e+02 1.529471153123092336e+03
1.070000000000000000e+02 1.637911539106869895e+03
1.080000000000000000e+02 1.643502289847976954e+03
1.090000000000000000e+02 1.450052857798850027e+03
1.100000000000000000e+02 1.378228785207766805e+03
1.110000000000000000e+02 1.179639279193927678e+03
1.120000000000000000e+02 1.398467637212400177e+03
1.130000000000000000e+02 1.197265887405082140e+03
1.140000000000000000e+02 1.088531665006530375e+03
1.150000000000000000e+02 1.247241770743381721e+03
1.160000000000000000e+02 1.259617534598078691e+03
1.170000000000000000e+02 1.227264048343678269e+03
1.180000000000000000e+02 1.084961320979441098e+03
1.190000000000000000e+02 9.030990531714237477e+02
1.200000000000000000e+02 1.344176730283954612e+03
